C:\Users\Asus\AppData\Local\Programs\Python\Python37-32\python.exe E:/Projects/Arc-Consistency/main_029.py
AC 1
0.0
0.3989219665527344
1.698136329650879
3.2950878143310547
4.186582565307617
5.479621887207031
7.380342483520508
7.180500030517578
7.287144660949707
11.472630500793457
11.269640922546387
10.076045989990234
10.570549964904785
15.457630157470703
15.160298347473145
16.057515144348145
14.853429794311523
18.54853630065918
20.237255096435547
22.33867645263672
20.243358612060547
28.12168598175049
24.231600761413574
26.2315034866333
27.31490135192871
28.926372528076172
25.72653293609619
24.142980575561523
49.06914234161377
35.80367565155029
37.49103546142578
38.48130702972412
36.80465221405029
41.68956279754639
42.98596382141113
39.6026611328125
43.68600845336914
51.6556978225708
49.46918487548828
68.62194538116455
52.156615257263184
50.86262226104736
63.52505683898926
54.94742393493652
67.61815547943115
58.345794677734375
65.13116359710693
68.8169002532959
64.62657451629639
80.29055595397949
55.75072765350342
64.42933082580566
73.11229705810547
82.78112411499023
121.37174606323242
90.85719585418701
95.95308303833008
75.5042314529419
98.37307929992676
73.96314144134521
108.14201831817627
96.82984352111816
101.72452926635742
137.6803159713745
104.78453636169434
107.83226490020752
107.80341625213623
87.28294372558594
129.96110916137695
108.88779163360596
108.26306343078613
124.12605285644531
138.4850263595581
121.42388820648193
109.98754501342773
111.63969039916992
108.43954086303711
119.47007179260254
139.23001289367676
114.79637622833252
122.90403842926025
149.18134212493896
166.51694774627686
142.0064926147461
120.1129674911499
170.51403522491455
155.7441234588623
153.68592739105225
187.25838661193848
159.64317321777344
161.31517887115479
149.99778270721436
191.30330085754395
151.53369903564453
144.43111419677734
175.17921924591064
182.65910148620605
160.8314037322998
171.41292095184326
173.70591163635254
AC 2
0.0
0.6981372833251953
1.3924121856689453
2.489781379699707
3.584432601928711
4.191255569458008
5.583691596984863
5.78460693359375
4.887032508850098
7.181525230407715
7.978701591491699
7.183575630187988
8.783173561096191
10.581803321838379
9.672784805297852
8.478546142578125
9.676837921142578
9.878778457641602
11.260342597961426
13.166332244873047
11.67135238647461
13.65821361541748
16.060280799865723
14.854693412780762
16.753721237182617
15.26026725769043
12.672972679138184
12.463831901550293
18.451786041259766
15.068578720092773
19.254398345947266
21.459412574768066
16.85163974761963
20.749545097351074
22.03209400177002
18.752121925354004
21.945810317993164
27.52537727355957
21.94194793701172
29.613757133483887
23.73979091644287
26.834535598754883
31.01828098297119
27.52552032470703
33.910441398620605
32.113003730773926
29.01008129119873
32.41434097290039
30.614709854125977
41.58163070678711
30.316948890686035
30.123448371887207
38.99357318878174
45.481061935424805
57.67333507537842
50.46520233154297
54.048800468444824
40.29238224029541
51.605939865112305
44.78654861450195
65.93458652496338
59.804582595825195
57.30233192443848
75.01652240753174
62.81542778015137
64.87157344818115
64.78588581085205
48.17683696746826
75.14097690582275
65.11917114257812
70.75624465942383
91.77007675170898
82.25300312042236
90.4289960861206
68.73440742492676
76.92224979400635
75.98452568054199
82.0763111114502
80.85486888885498
83.82077217102051
86.48550510406494
117.95744895935059
130.45058250427246
108.52720737457275
72.61176109313965
115.2606725692749
130.93483448028564
96.56097888946533
145.84393501281738
124.88794326782227
130.0100564956665
122.61743545532227
186.77856922149658
130.59492111206055
134.0017795562744
154.0837526321411
183.1148862838745
131.43558502197266
143.00363063812256
159.97798442840576
AC 3
0.10061264038085938
0.2991914749145508
1.5001535415649414
2.3973464965820312
3.891110420227051
4.584193229675293
7.379961013793945
5.983901023864746
4.785728454589844
9.267783164978027
7.579684257507324
7.686305046081543
8.074331283569336
10.861873626708984
10.269594192504883
5.484294891357422
7.680869102478027
10.772347450256348
13.26899528503418
5.488491058349609
6.382036209106445
7.777905464172363
9.581160545349121
6.08372688293457
15.757369995117188
6.581306457519531
6.682014465332031
9.564733505249023
11.170101165771484
8.477568626403809
7.085418701171875
8.866405487060547
10.67187786102295
7.580256462097168
6.3872575759887695
8.27319622039795
6.5788984298706055
15.762567520141602
7.47990608215332
17.357730865478516
6.781888008117676
5.890750885009766
11.569762229919434
10.171055793762207
13.666963577270508
8.575963973999023
8.187222480773926
9.271740913391113
6.777644157409668
11.364340782165527
6.684255599975586
11.873626708984375
10.16848087310791
8.373808860778809
10.471010208129883
14.561223983764648
11.962652206420898
10.274934768676758
15.78209400177002
10.69042682647705
17.082524299621582
15.87364673614502
9.972548484802246
15.577149391174316
12.567782402038574
10.339522361755371
11.976385116577148
13.521194458007812
15.382146835327148
14.481449127197266
15.957427024841309
22.1956729888916
11.982870101928711
19.062495231628418
12.876200675964355
14.44091796875
11.682391166687012
13.372302055358887
20.425820350646973
14.165830612182617
14.040088653564453
15.381097793579102
16.782736778259277
16.037654876708984
11.574864387512207
14.182066917419434
23.388099670410156
16.873621940612793
20.527148246765137
15.769052505493164
18.249082565307617
23.35963249206543
25.36947727203369
19.60134506225586
21.92513942718506
19.131112098693848
25.052833557128906
18.87180805206299
19.07947063446045
26.563739776611328
AC 4
0.0
0.8976459503173828
1.9925355911254883
4.488420486450195
6.785774230957031
7.380819320678711
10.571765899658203
9.275245666503906
7.483959197998047
14.661812782287598
11.469483375549316
12.766003608703613
13.069510459899902
19.549083709716797
16.562557220458984
9.081840515136719
12.075424194335938
19.74332332611084
22.24113941192627
10.571622848510742
11.762809753417969
12.963247299194336
16.460847854614258
11.070513725280762
25.62711238861084
13.266134262084961
13.66877555847168
17.758679389953613
16.954827308654785
15.862631797790527
13.962650299072266
17.060446739196777
18.85859966278076
15.056467056274414
12.57469654083252
16.555047035217285
14.158916473388672
29.619574546813965
15.357732772827148
29.619717597961426
14.762616157531738
14.551305770874023
23.943448066711426
21.637248992919922
23.833250999450684
18.35005283355713
17.751336097717285
18.34867000579834
15.460968017578125
23.134922981262207
18.553781509399414
27.61971950531006
23.23925495147705
20.04523277282715
24.537205696105957
30.522894859313965
24.436450004577637
24.634480476379395
35.114169120788574
28.326129913330078
35.23454666137695
36.008548736572266
29.379844665527344
29.09862995147705
26.00424289703369
24.2739200592041
26.545214653015137
35.42318344116211
36.09120845794678
35.25495529174805
42.32139587402344
48.589515686035156
35.35745143890381
37.82298564910889
37.543392181396484
36.629605293273926
34.4329833984375
37.2441291809082
49.63691234588623
39.9493932723999
38.44633102416992
37.64221668243408
38.207125663757324
39.47319984436035
38.82715702056885
43.78483295440674
54.84633445739746
49.32417869567871
43.054842948913574
41.172242164611816
45.84527015686035
59.0641975402832
55.22608757019043
49.81420040130615
47.01211452484131
50.353360176086426
47.4238395690918
53.41217517852783
53.537583351135254
62.32004165649414
---- DONE ----

result: http://astatsa.com/OneWay_Anova_with_TukeyHSD/_result/
